1 1 12 17 38 51 56 90 109 -1
2 2 5 13 33 48 56 62 76 93 96 -1
3 34 37 41 43 48 54 69 89 103 104 110 -1
4 4 10 16 26 36 37 49 68 79 99 105 119 -1
5 1 5 7 29 35 45 92 106 -1
6 6 34 46 53 62 69 107 -1
7 7 41 94 98 115 116 118 120 -1
8 8 11 52 60 65 87 108 115 -1
9 9 40 44 75 77 83 88 90 94 99 112 -1
10 4 10 39 45 47 49 72 80 84 96 101 -1
11 11 32 36 42 43 64 66 68 89 111 -1
12 12 42 55 60 82 85 95 100 102 104 112 117 -1
13 6 9 13 30 35 64 82 98 -1
14 14 25 27 58 66 81 92 -1
15 14 15 32 33 73 75 85 91 100 114 -1
16 15 16 19 20 59 61 67 88 105 -1
17 17 22 24 44 52 61 63 74 76 78 97 109 120 -1
18 18 23 101 102 -1
19 2 18 19 30 31 46 58 63 70 73 78 91 110 116 -1
20 20 25 27 28 31 40 47 50 59 87 97 107 -1
21 21 67 81 103 106 -1
22 8 21 22 50 55 57 71 72 74 79 83 95 113 118 119 -1
23 23 54 65 71 80 86 111 113 114 117 -1
24 24 26 28 29 38 39 51 53 57 70 77 84 86 93 108 -1
-1
