1 1 7 9 28 29 33 48 69 77 100 104 106 118 124 126 129 -1
2 2 4 12 19 42 71 86 110 111 116 -1
3 3 8 42 43 55 114 -1
4 4 17 36 39 87 125 131 -1
5 5 10 26 61 70 89 90 92 96 109 111 -1
6 6 52 53 79 84 87 91 118 120 -1
7 1 7 24 25 30 44 46 72 96 108 117 119 122 132 -1
8 8 16 58 64 75 90 97 105 109 114 117 123 130 -1
9 3 9 31 41 48 51 54 73 75 107 -1
10 10 27 35 73 101 124 128 -1
11 11 47 50 63 65 74 76 81 82 91 95 112 115 -1
12 12 18 23 38 51 55 67 78 93 94 112 123 -1
13 13 59 74 82 94 113 115 122 -1
14 14 57 61 70 77 84 88 98 119 125 -1
15 13 15 30 34 37 53 63 81 86 132 -1
16 6 16 26 31 37 50 58 121 130 -1
17 17 29 35 44 66 -1
18 5 18 34 36 41 46 60 62 67 68 80 83 101 102 106 113 121 127 -1
19 2 19 22 40 79 92 93 95 108 110 116 127 -1
20 20 27 38 40 43 60 80 100 103 129 -1
21 20 25 39 54 59 62 76 83 85 98 99 -1
22 15 22 32 49 52 56 68 72 85 102 104 126 131 -1
23 11 14 23 28 32 45 47 57 65 78 89 97 105 128 -1
24 24 33 45 49 56 64 66 69 71 88 99 103 107 120 -1
-1
