10
8
3 5 8 8 10 3
3 7 4 1 10 3
8 5 8 6 10 1
7 3 8 8 8 2
8 8 4 1 4 3
7 9 8 9 8 3
8 8 8 7 7 6
5 8 4 9 4 7
3 3 4 5 7 5
2 8 8 8 1 1
2 10 8 7 9 5
8 2 8 8 7 2
4 1 4 5 9 1
7 2 4 9 4 6
7 6 8 3 9 5
9 1 8 9 3 6
6 5 4 9 5 2
3 3 8 4 2 7
6 3 4 4 6 2
2 2 4 8 4 1
1 9 4 10 6 6
3 1 4 4 7 5
3 6 4 10 7 7
1 10 4 9 8 2
5 10 4 2 6 3
7 3 4 3 8 3
4 8 8 4 10 3
5 1 8 3 10 3
10 10 4 4 6 1
1 8 4 3 5 6
8 3 8 10 2 6
10 4 4 3 10 6
1 6 8 5 8 5
4 6 4 3 8 1
2 5 4 7 8 2
10 7 4 2 9 6
1 8 8 10 8 1
10 2 8 3 6 3
3 6 8 6 8 2
1 1 4 6 10 5
5 10 8 10 3 3
3 4 4 9 2 1
8 7 4 8 6 5
9 1 4 9 9 7
4 10 4 9 4 3
1 4 4 4 4 1
2 9 8 8 4 7
1 2 8 7 4 1
9 2 8 10 4 7
2 8 4 1 2 3
-1 -1 -1 -1 -1 -1
