1 1 50 99 121 140 163 175 179 -1
2 2 3 33 45 68 77 84 92 93 94 99 113 144 156 158 166 169 174 180 190 -1
3 3 18 43 88 106 111 152 -1
4 4 37 54 65 71 96 124 158 165 182 -1
5 5 22 46 59 64 67 80 125 145 162 183 -1
6 6 17 42 49 74 132 137 151 182 187 189 191 -1
7 7 15 73 78 81 84 129 132 139 140 147 170 183 -1
8 8 66 76 81 85 96 110 123 149 170 -1
9 9 44 61 112 117 150 166 171 186 -1
10 10 24 30 42 44 51 95 128 142 178 -1
11 11 34 36 39 47 53 58 76 86 107 127 136 188 190 192 -1
12 2 12 40 43 59 68 87 118 153 167 -1
13 12 13 29 34 52 56 72 77 95 118 -1
14 14 16 62 89 100 116 126 146 154 155 187 -1
15 15 49 70 88 89 102 114 123 129 130 135 141 147 152 154 180 -1
16 16 19 25 32 41 63 127 138 143 150 151 178 -1
17 7 11 17 26 33 36 48 54 62 92 131 135 155 159 173 174 177 -1
18 1 18 90 98 105 125 156 171 176 192 -1
19 19 23 90 91 98 102 103 116 133 148 149 159 164 176 181 -1
20 20 69 72 78 108 128 139 148 -1
21 21 70 74 75 85 94 97 104 134 138 153 181 -1
22 8 22 38 40 52 56 75 80 93 101 110 113 168 -1
23 13 21 23 51 55 61 71 73 121 137 157 161 169 172 173 -1
24 24 35 48 64 66 82 101 103 134 141 161 168 -1
25 10 25 41 45 57 79 108 117 119 122 144 164 184 -1
26 6 26 37 39 53 107 115 119 120 122 143 184 -1
27 27 83 86 87 91 97 100 106 136 -1
28 5 14 27 28 60 79 83 115 124 142 167 -1
29 28 29 38 55 82 109 111 162 163 165 172 188 189 -1
30 30 50 65 69 120 145 146 160 177 -1
31 4 9 20 57 67 104 105 112 133 185 191 -1
32 32 35 46 47 58 60 63 109 114 126 130 131 157 160 175 179 185 186 -1
-1
